0.0
37.491333742585674
0.0
84.17628763984524
2.7960113937835933
58.86897092735174
8.33662150191115
110.0029109690701
-51.135804097067115
96.29367530156964
0.0
49.91919364909369
0.0
107.04213121309492
-22.712036830198056
4.619666778717145
-34.35675764546721
9.447541801218108
-15.475633993668572
11.102739791848586
14.24945339556491
27.403409588727765
16.443037582978853
3.5117659975457274
-26.015155784387012
0.7182503280811428
-38.96915365219433
13.78915981363909
5.433944833028222
24.604965414043857
34.46801633663241
133.96867121314904
38.07472873224247
10.537031678090388
0.0
2.9037247891514064
-0.41205811125712033
2.2678519970237843
0.1757441563036865
2.2921495296528254
1.289244084536043
3.3471356860193393
3.323934797384748
6.657063986450282
1.223682781293654
3.3665759317217567
1.0491321118069081
3.390969720802033
2.5893921178343304
6.84049353958869
1.1725229885705022
3.3130093995916194
0.1622000576754579
0.5623130612596886
0.16210464464193627
0.5620398872088637
0.19436036369467988
0.6739739056983576
0.1942456276919624
0.673645410789663
0.21804699696092333
0.741788867722015
0.21792317212295537
0.7414343635533874
0.21784560139448483
0.7412122970164488
0.2177217737647568
0.7408577847141206
4.244036752724903
14.112894298893625
6.363439409354927
21.152439385820617
5.184690873630073
17.245689226627874
5.18487919976696
17.24622075782176
0.8577350233720801
2.874019922792872
0.9764748272654331
3.134451474048598
0.9768383719255133
3.1354146549140802
1.6315264900776816
5.443412788775472
0.06924836753270568
0.2304257236940955
1.0614393762703735
3.421377365371436
1.0618285466018889
3.4224309183254613
0.06925875103218428
0.2304551379009413
2.513550799305854
8.418501591428221
1.076828064217796
3.632910538047449
1.0839451083149818
3.502766450676273
1.0839451083149811
3.5027664506762712
1.7610924682368452
5.656258944800821
1.7610924682368463
5.656258944800824
1.7296901303805226
5.632395390004535
0.7554866394611945
2.474895630630479
1.7296901303805228
5.632395390004536
0.7554866394611942
2.474895630630478
0.0
0.0
0.0
0.0
0.0
0.0
0.0
0.0
3.3397557882645295
0.0
6.802948670850415
0.0
3.3725069400424053
0.0
3.3725069400424053
0.0
6.802948670850415
0.0
3.3397557882645295
