0.0
40.25378740401
0.0
89.43550163325611
3.195959348818461
58.92112900736907
9.90750055308748
110.09740154612834
-48.32326282464624
94.78424665588578
0.0
49.16068371710004
0.0
104.88397682963554
-21.966930149273683
4.506103079095121
-34.04758713250532
10.107570737303387
-13.870996865274904
12.736101549918589
17.563166508258472
32.710349629138925
19.73848365646852
4.208915682600941
-30.549385272676755
0.8615569798334962
-43.92259152977989
14.746536474987805
3.4118419699188296
28.9160435115698
34.33704879894129
154.63545583488818
38.12654502510133
11.39262815637768
0.0
2.963765318022143
-0.4186291347739128
2.2564179703026914
0.16379651849001103
2.2813893476149745
1.5098998968917645
2.885626444683238
4.081575863203618
5.952114089029353
1.4814082471001995
2.9051950347091555
1.5195099531997225
2.858916363506527
4.097583834927887
5.886513065221325
1.4333233274964245
2.9664650981958087
0.153014251444941
0.49516825947993187
0.15312299867886392
0.4954367105191865
0.18326972735889788
0.593343500774416
0.18340045056355042
0.593666199724609
0.20832280907579334
0.6551848739832346
0.20846294222554326
0.6555307991856975
0.20810432402512372
0.6546455907926423
0.20824440133188135
0.6549913781740415
4.249752419346125
12.51222311540174
6.371665646192039
18.771744012374732
5.197975260317026
15.269539661429972
5.198222960122767
15.270140381712515
0.8573048302401557
2.554412737434185
0.9364430022716819
2.774306043565688
0.9367064659912889
2.7749017229230866
1.629485230041298
4.837403265179411
0.0666153931453124
0.20495212712264985
1.0244454325257608
3.0401726780704292
1.0247524538151833
3.0408866265986196
0.06661812451336865
0.20495883646305751
2.5159490879536905
7.442697219843384
1.0787562985613897
3.21373064721898
1.083013866341885
3.112931789748093
1.083013866341885
3.112931789748093
1.7568531730943533
5.0147812298877925
1.7568531730943533
5.0147812298877925
1.72051786068756
4.9842125683888225
0.7481139054655295
2.1829246920892595
1.72051786068756
4.9842125683888225
0.7481139054655295
2.1829246920892595
0.0
0.0
0.0
0.0
0.0
0.0
0.0
0.0
3.3397557882645295
0.0
6.802948670850415
0.0
3.3725069400424053
0.0
3.3725069400424053
0.0
6.802948670850415
0.0
3.3397557882645295
