0.0
36.43008191794167
0.0
82.12240757609516
2.6159725781709176
58.877831780780205
7.6373060758560305
110.05907545279761
-52.4063267951552
97.33120476624336
0.0
50.3193282501965
0.0
108.1470309923001
-24.768979991639803
4.678150677549899
-36.247633763822996
9.19551303663856
-17.904225892851663
10.476154897819404
11.174030816234268
24.82529754735005
13.400830697894799
3.0298986695360886
-22.420962851260146
0.5939993520634067
-35.218136158124366
13.42953210023304
8.028450261051555
23.004617819555406
36.40385456274149
127.42595147715966
39.90833159318999
10.51156951306822
0.0
3.007704229750385
-0.4072874591038906
2.274868336609943
0.18403159779692985
2.2987156714919292
0.7292196307190852
3.599041991284641
1.9775584580441203
7.403630141436454
0.9141359796964605
3.646331167959594
0.9500603924733737
3.6099143121020676
1.8869783357947996
7.467033343353142
0.7231925939870678
3.6033739771496602
0.17520854049613258
0.5896078137617473
0.17515810250996838
0.5894614007643262
0.20995965754826168
0.7066847901782605
0.209899055008199
0.7065088727006211
0.23547997208908295
0.7807673422283283
0.23541346043100164
0.7805742827095786
0.23526283524197764
0.7801370442051769
0.23519632139687643
0.7799439781927714
4.451563157393899
14.948422004378
6.676572649998811
22.408950392883284
5.434829263967828
18.259722064680712
5.435005734280631
18.26022702742029
0.90118963618291
3.047807729172067
1.0534225761604332
3.2840631903783835
1.0536472985888685
3.284667092120051
1.714087888281902
5.77196211939903
0.07502325339093216
0.24369157931227217
1.1449402544850114
3.59622891990134
1.1451969301388094
3.596933370005436
0.07502747283875098
0.24370368757743727
2.635389927918434
8.91551227958717
1.1293944036519463
3.8487844918500698
1.1364944409058177
3.707434877306496
1.1364944409058177
3.707434877306496
1.8451798408924887
5.9831824247481284
1.8451798408924887
5.9831824247481284
1.8121045674062295
5.957675200075757
0.791646778830834
2.6181361976543425
1.8121045674062295
5.957675200075757
0.791646778830834
2.6181361976543425
0.0
0.0
0.0
0.0
0.0
0.0
0.0
0.0
3.3397557882645295
0.0
6.802948670850415
0.0
3.3725069400424053
0.0
3.3725069400424053
0.0
6.802948670850415
0.0
3.3397557882645295
