0.0
42.15693911665947
0.0
92.92811754077032
3.2264286757825484
59.28893611363056
10.093285481380972
111.21416405830848
-48.21737679046494
98.81496503586841
0.0
49.82823887756767
0.0
105.87832276577404
-28.745712719123524
4.394936249679381
-41.255695984134974
10.603893731896571
-20.63839588915417
13.974432484431484
12.16220375931923
34.311476311271875
14.543023439972613
3.7945742537781304
-25.933013530937792
0.6698073226382512
-39.77207170727493
15.492335118886503
9.232026555455324
32.42206897356812
41.443217292975326
176.06341114582102
44.75655937889652
13.211348800122916
0.0
3.4653880948418765
-0.4005529354896574
2.2774245754864375
0.19226460437274026
2.300822384135513
0.8560456995356914
2.7920128700386413
2.0950557159012972
5.713469367991808
0.9870452813991822
2.8170863543290903
0.9734957284492809
2.822452816974534
1.938066557329221
5.7788633612703695
0.8720379184409863
2.8142114826639872
0.17637731152534267
0.398393320201266
0.18079021835559297
0.40607605897724164
0.2109772069738638
0.47689427080579494
0.216279680758952
0.4861256034868136
0.24891696213244546
0.5429455341305435
0.2549022283682794
0.5533650401623197
0.24856565716452161
0.5423339638491037
0.2545476400838496
0.5527477606981498
4.973059142746791
11.030887186091059
7.4427445970924735
16.572919394245513
6.104885777364707
13.409928110612874
6.105168187987549
13.410403964118528
0.9905634548922166
2.2669164558653088
1.1470254967228595
2.190135868513803
1.14742825697596
2.19072538428399
1.8866486167035843
4.290697051272942
0.0828490126745
0.17878355073118327
1.2802646899837453
2.5157394059520617
1.280709481143505
2.516435503968148
0.08285463653638127
0.17879351247120984
2.9475724331087507
6.5551585099228875
1.2578568991016132
2.8410550795317864
1.2710241504199975
2.7231678089478337
1.2710241504199993
2.723167808947837
2.052313970212229
4.324286214258939
2.052313970212229
4.324286214258939
1.9830665761857615
4.309052572991121
0.8523737595579851
1.876471353966065
1.9830665761857587
4.309052572991116
0.8523737595579844
1.8764713539660638
0.0
0.0
0.0
0.0
0.0
0.0
0.0
0.0
3.3397557882645295
0.0
6.802948670850415
0.0
3.3725069400424053
0.0
3.3725069400424053
0.0
6.802948670850415
0.0
3.3397557882645295
