     76.9295999999999935
     61.8093000000000004
      0.0000000000000000
    123.2335000000000065
      0.5990000000000000
     67.7737999999999943
      2.7420000000000000
    137.3053999999999917
    -32.4697000000000031
    207.0896999999999935
     75.3018000000000001
     68.4753999999999934
      0.0000000000000000
    124.4523999999999972
      5.5350999999999999
      4.4641000000000002
      1.6591000000000000
     18.7012000000000000
      0.6677000000000000
      2.5918999999999999
      1.4274000000000000
      1.0604000000000000
     14.6346000000000007
      2.2496000000000000
      1.4260999999999999
      1.6476999999999999
      0.1085000000000000
      2.2486000000000002
      0.1085000000000000
      0.1881000000000000
      1.6606000000000001
      0.1881000000000000
      0.6677000000000000
      2.5931000000000002
      0.0000000000000000
      1.0604000000000000
      0.3499000000000000
      2.8214999999999999
      1.2222999999999999
      2.8094000000000001
      0.0000000000000000
      3.3397556871486977
      0.0000000000000000
      6.8029484648815179
      0.0000000000000000
      3.3725068379349858
      0.0000000000000000
      3.3725068379349858
      0.0000000000000000
      6.8029484648815179
      0.0000000000000000
      3.3397556871486977
      0.0000000000000000
      0.5792758865828789
      0.0000000000000000
      0.5792758865828789
      0.0000000000000000
      0.6951310639465973
      0.0000000000000000
      0.6951310639465973
      0.0000000000000000
      0.6951310639465973
      0.0000000000000000
      0.6951310639465973
      0.0000000000000000
      0.6951310639465973
      0.0000000000000000
      0.6951310639465973
      0.0000000000000000
     12.2823909806164249
      0.0000000000000000
     18.3545842701038247
      0.0000000000000000
     15.1080508695732707
      0.0000000000000000
     15.1080508695732707
      0.0000000000000000
      2.4821394109895651
      0.0000000000000000
      3.2339678316243252
      0.0000000000000000
      3.2339678316243252
      0.0000000000000000
      4.7042706990430299
      0.0000000000000000
      0.2025647368611913
      0.0000000000000000
      3.2339678316243252
      0.0000000000000000
      3.2339678316243252
      0.0000000000000000
      0.2025647368611913
      0.0000000000000000
      7.3583693705789095
      0.0000000000000000
      3.1566338166484069
      0.0000000000000000
      3.0742093637306738
      0.0000000000000000
      3.0742093637306738
      0.0000000000000000
      5.1148587096755804
      0.0000000000000000
      5.1148587096755804
      0.0000000000000000
      5.1148587096755804
      0.0000000000000000
      2.3036248908159149
      0.0000000000000000
      5.1148587096755804
      0.0000000000000000
      2.3036248908159149
      0.0
      0.0
      0.0
      0.0
      0.0
      0.0
      0.0
      0.0
      0.0
      0.0
      0.0
      0.0
      0.0
      0.0
      0.0
      0.0
      0.0
      0.0
      0.0